87
72
198
66
195
220
128
42
241
218
259
102
229
263
246
171
122
221
141
12
64
200
106
262
49
57
25
86
2
97
98
181
34
206
236
61
148
182
254
233
162
186
202
31
58
142
36
94
214
120
118
230
217
1
172
4
256
77
133
201
123
56
54
27
238
161
7
26
234
170
29
20
184
151
137
258
116
227
139
207
138
209
73
109
168
129
112
144
17
183
74
33
130
85
157
222
38
194
8
203
260
145
140
146
223
18
126
46
160
244
13
231
153
70
242
210
249
166
177
149
212
91
50
213
76
107
193
167
191
252
240
121
9
187
253
226
159
40
185
43
6
245
113
147
136
108
132
37
188
89
32
28
150
23
154
117
39
196
100
265
205
93
78
173
251
44
228
52
208
59
65
95
11
174
55
99
48
261
255
237
224
143
152
53
71
204
250
225
192
69
16
19
239
235
62
134
190
75
163
164
135
155
51
67
215
90
264
180
131
211
257
35
82
248
84
10
101
232
41
14
111
178
47
115
156
30
79
247
80
60
24
68
243
125
216
179
63
158
189
124
176
114
81
175
45
21
15
119
92
197
88
22
127
3
83
96
169
5
219
165