90
125
97
39
124
23
76
93
136
84
22
78
34
57
24
168
216
205
10
35
179
167
44
51
122
237
246
189
52
99
177
192
48
142
220
254
253
82
106
255
119
207
123
221
95
241
247
191
210
180
107
238
88
165
72
92
193
194
185
89
141
230
262
55
178
46
144
149
3
190
75
100
164
256
108
115
96
229
14
53
222
112
169
116
152
36
251
155
18
74
135
37
219
83
209
218
261
101
148
12
217
94
68
98
248
232
38
153
87
64
17
1
121
41
65
4
127
243
196
109
186
129
188
235
151
263
158
33
171
47
154
128
147
174
19
20
225
233
15
131
77
120
54
16
173
250
11
201
7
70
170
198
5
63
114
21
258
132
166
66
162
224
249
187
214
211
231
228
208
30
138
264
91
62
242
160
172
40
260
197
59
13
61
86
202
156
143
234
133
26
259
137
140
159
80
73
50
134
126
161
146
25
195
245
163
226
9
118
150
236
113
71
28
130
157
200
32
29
175
252
42
117
213
56
85
102
215
81
8
181
265
183
31
212
43
239
49
69
223
67
244
227
182
60
145
203
240
58
79
139
184
6
45
204
257